# mesh_transformation: 
# - name: move_to_pitch_axis - (this value is non-dimensional, may need to be multipled by chord for dimensional simulations). 
displacement: [-0.3109720214696021, 0.0, 0.0] 

# - name: angle_of_attack 
angle: 50.0000 

# - type: airfoil_smd
mass_matrix : [6487.884210660623, -249.84539134405057, 1352.588286915438, -249.8453913440505, 6728.1258496089, 1124.990120147178, 1352.588286915438, 1124.990120147178, 7756.205425054289]
stiffness_matrix : [102418.07879318227, -33471.752508690166, -88169.30082839112, -33471.752508690166, 94702.0359397086, 51824.641849070875, -88169.30082839112, 51824.641849070875, 4765590.777273632]
damping_matrix : [243.70771657747875, -46.515651943276225, -32.72689116592553, -46.515651943276225, 239.161817359228, 62.9404930296539, -32.72689116592553, 62.9404930296539, 3723.6997728664182]
force_transform_matrix : [60.44953977908086, -1.8406396350207717, 0.07961937726850167, -1.571994858333887, 61.873137584475536, -0.1343136587153527, -8.800486619116182, -14.268385038666514, 63.073580681476514]
loads_scale: 0.08777908428071741 

# Misc Values for preparing runs.
chord_length: 2.8480588747143942
span_fraction: 0.7826179487179487
phi_matrix : [0.008210684544954229, 0.009241050813082217, -0.002813409726994073, 0.009419538927649537, -0.007780826016823896, -0.0019485808342087326, 9.720245838847885e-05, 0.00027913263794728416, 0.011726131061863288]# mode shape matrix for reference 
tip_per_cross : [1.7581612583840398, 1.6732226585584713, 1.1519253407551835]# for reference tip displacement/cross section for flap,edge,twist for those modes respectively. 
