# mesh_transformation: 
# - name: move_to_pitch_axis - (this value is non-dimensional, may need to be multipled by chord for dimensional simulations). 
displacement: [-0.3109720214696021, 0.0, 0.0] 

# - name: angle_of_attack 
angle: 5.0000 

# - type: airfoil_smd
mass_matrix : [6857.850421481329, -120.12081947295462, 160.9362071074086, -120.12081947295474, 6358.1596387893, 1751.9124925544284, 160.9362071074086, 1751.9124925544284, 7756.205425052474]
stiffness_matrix : [132031.80987497242, 3858.021426502917, -98990.66619197327, 3858.021426502917, 65088.3048575844, -25699.55482409027, -98990.66619197329, -25699.55482409027, 4765590.7772734575]
damping_matrix : [287.95041891151607, 2.2729496088576617, -67.64705610288864, 2.272949608857667, 194.9191150248082, 21.364242761929873, -67.64705610288864, 21.36424276192988, 3723.699772866018]
force_transform_matrix : [62.86765592798492, -0.8461212910714488, 0.15127350046748136, -0.577476514358545, 59.45502143455238, -0.03867469730545978, 3.8663880513136935, -16.312155583563076, 63.073580681265376]
loads_scale: 0.08777908428071741 

# Misc Values for preparing runs.
chord_length: 2.8480588747143942
span_fraction: 0.7826179487179487
phi_matrix : [-0.0008547891314219259, -0.012036284534950073, -0.0006115263746526288, 0.012466450571318203, -0.0010325348554386378, -0.0033672358177715893, 9.720245838926233e-05, -0.0002791326379457944, 0.011726131061864443]# mode shape matrix for reference 
tip_per_cross : [1.7581612583848407, 1.6732226585579184, 1.1519253407551657]# for reference tip displacement/cross section for flap,edge,twist for those modes respectively. 
